ATL 885310 884734 889724 
BOS 391820 400740 422997 
BWI 253043 257525 267692 
CLT 547626 552055 547705
DCA 295755 298125 297535 
DEN 574894 584240 594522
DFW 670745 655525 663524 
DTW 392192 393713 394807 
EWR 427414 441039 450711 
FLL 290421 305531 329874 
HNL 310379 312300 311212 
IAD 300928 293860 300947 
IAH 481203 452158 462645 
JFK 447531 454199 456377 
LAS 531533 543665 537411 
LAX 675343 702912 706513
LGA 369741 366247 367937
MCO 322273 332454 349275
MDW 250437 251692 245178
MEM 222438 222271 225357
MIA 410721 408842 417902
MSP 411795 415406 409982
ORD 877009 859271 893497
PHL 396438 371901 375311
PHX 434928 432025 431397
SAN 201267 205017 221821
SEA 392005 414009 433778
SFO 446974 453397 473148
SLC 323820 325093 335267
TPA 191935 192567 204154
